0.014
0.019
0.035
0.044
0.054
0.084
0.111
0.135
0.236
0.253
0.264
0.315
0.359
0.422
0.442
0.012
0.017
0.037
0.048
0.059
0.081
0.115
0.133
0.238
0.251
0.266
0.314
0.361
0.452
0.412
0.024
0.011
0.025
0.024
0.074
0.184
0.011
0.235
0.136
0.153
0.364
0.215
0.379
0.322
~
0.419
0.017
0.105
0.333
0.17
0.216
0.212
0.364
0.051
0.52
0.2
0.103
0.137
0.176
0.037
0.319
0.117
0.205
0.233
0.127
0.206
0.202
0.384
0.061
0.62
0.203
0.237
0.076
0.137
0.409
0.117
0.125
0.303
0.117
0.226
0.312
0.264
0.151
0.62
0.12
0.003
0.237
0.076
0.137
~